37543|19430|1
37543|19331|2
37543|19358|2
37543|19301|4
37543|19313|4
37543|13107|3
37543|47037|3
37543|62444|3
37543|19156|4
37543|50410|4
37543|14942|3
37543|20075|3
37543|12061|3
37543|62114|2
37543|81425|3
37543|19356|4
37543|62116|4
37543|26468|3
37543|19315|3
37543|19297|3
37543|37523|2
37543|83565|3
37543|25774|2
37543|38862|3
37543|27193|3
37543|25776|3
37543|31453|3
37543|68201|3
37543|19927|2
37543|19364|3
37543|27005|3
37543|19290|3
37543|49681|3
37543|49684|3
37543|47387|3
37543|83482|1
37543|17988|4
37543|71169|4
37543|15637|3
37543|57100|3
37543|54205|2
37543|71675|3
37543|81485|3
37543|82553|2
37543|19316|3
37543|77610|3
37543|82544|2
37543|25134|4
37543|11178|4
37543|75958|4
37543|14052|4
37543|82608|4
37543|18353|3
37543|78326|4
37543|37052|4
37543|83060|3
37543|11919|3
37543|44744|3
37543|82559|2
37543|70612|3
37543|64659|3
37543|83633|3
37543|79128|3
37543|83912|4
37543|83920|4
37543|62889|4
37543|55400|4
37543|37536|1
37543|77299|3
37543|16960|3
37543|62119|3
37543|41352|3
37543|69422|3
37543|41873|3
37543|62143|3
37543|63433|3
37543|19330|2
37543|37515|3
37543|68238|3
37543|27004|3
37543|22502|3
37543|73906|3
37543|70655|3
37543|36485|4
37543|81375|4
37543|50082|4
37543|21420|2
37543|7758|3
37543|33679|4
37543|42609|4
37543|9284|4
37543|43021|4
37543|43082|4
37543|68749|4
37543|8453|3
37543|15017|3
37543|69427|3
37543|19357|3
37543|64397|3
37543|28799|4
37543|57305|4
37543|22185|3
37543|24971|3
37543|23887|4
37543|24391|4
37543|24978|4
37543|54217|4
37543|23793|4
37543|54207|4
37543|54311|3
37543|42498|4
37543|37108|4
37543|53030|3
37543|75696|4
37543|70650|3
37543|57674|3
37543|27134|3
37543|79473|4
37543|71816|4
37543|19789|4
37543|44600|4
37543|53904|3
37543|20089|4
37543|74252|4
37543|82561|3
37543|15418|3
37543|82556|4
37543|19294|3
37543|58146|2
37543|11638|3
37543|54239|3
37543|21253|3
37543|76249|3
37543|31829|3
37543|12197|3
19430|19331|1
19430|19358|1
19430|19301|3
19430|19313|3
19430|20075|2
19430|12061|2
19430|62114|1
19430|81425|2
19430|19356|3
19430|62116|3
19430|26468|2
19430|19315|2
19430|37523|1
19430|83565|2
19430|83912|3
19430|83920|3
19430|7758|2
19430|43021|3
19430|43082|3
19430|42498|3
19430|37108|3
19430|75696|3
19430|57674|2
19430|27134|2
19430|79473|3
19430|71816|3
19430|19789|3
19430|44600|3
19430|11638|2
19331|19356|2
19331|42498|2
19331|37108|2
19331|75696|2
19331|57674|1
19331|27134|1
19331|79473|2
19358|19301|2
19358|19313|2
67394|18425|1
67394|40544|2
67394|18409|2
67394|8842|2
67394|5201|2
67394|7254|2
67394|21449|2
67394|71810|2
67394|38912|2
67394|74760|1
67394|47489|3
67394|78349|3
67394|19432|1
67394|70793|1
67394|10783|3
67394|33365|2
67394|8859|2
67394|60168|2
67394|11123|3
67394|33450|3
67394|21452|3
67394|19201|2
67394|37518|2
67394|22474|2
67394|71684|3
67394|57433|3
67394|28557|2
67394|75993|3
67394|61140|3
18425|40544|1
18425|18409|1
18425|11123|2
18425|33450|2
18425|21452|2
18425|61140|2
8842|10783|1
8842|75993|1
74760|47489|2
74760|78349|2
74760|37518|1
74760|22474|1
74760|28557|1
51210|67403|1
51210|47489|1
51210|51174|-2
67403|51174|-3
47489|51174|-3
19432|19201|1
51174|51176|1
51174|41608|3
51174|51207|1
51174|29452|3
51174|65750|3
51174|77938|2
51174|35147|2
51174|65735|3
51174|25457|2
51174|82166|2
51174|22553|3
51174|55637|3
51174|20088|3
51174|55642|3
51174|51204|1
51174|51213|2
51174|42908|3
51174|44427|3
51174|82150|3
51174|51215|2
51174|51209|2
51174|51199|2
51174|14936|2
51174|42969|2
51174|51197|2
51174|51201|2
51174|51202|2
51174|34725|2
51174|66477|2
51174|19295|2
51174|47483|2
51174|55284|2
51174|56725|3
51174|70438|3
51174|83223|2
51174|5546|2
51174|38578|2
51174|15541|3
51174|27823|5
51174|45707|4
51174|35407|4
51174|51474|2
51174|51554|3
51174|64277|3
51174|51212|3
51174|83217|3
51174|83533|3
51174|83220|5
51174|47461|3
51174|51198|2
51174|54218|3
51176|41608|2
51207|29452|2
51207|65750|2
51207|77938|1
51207|35147|1
51207|51474|1
25457|51554|1
25457|51212|1
82166|15541|1
51204|51213|1
51204|51198|1
51215|27823|3
51215|45707|2
51215|35407|2
51215|83220|3
55284|56725|1
55284|70438|1
55284|54218|1
83223|83217|1
83223|83533|1
33532|35238|1
33532|38323|1
33532|70640|1
33532|81652|1
33532|13309|3
33532|35677|3
33532|70652|3
33532|70645|3
33532|70646|3
33532|80429|3
33532|80436|3
33532|81619|3
33532|8796|3
33532|80382|3
33532|80428|3
33532|80444|3
33532|14795|3
33532|32389|3
33532|81532|3
33532|40582|3
33532|78050|3
33532|35680|3
33532|32345|3
33532|20528|3
33532|70378|3
33532|39671|3
33532|47486|3
33532|47473|3
33532|58349|3
33532|56556|3
33532|23796|3
33532|74948|3
33532|79075|3
33532|47471|3
33532|6815|3
33532|17319|3
33532|37547|3
33532|77415|3
33532|83206|3
33532|5212|1
33532|33317|3
33532|78990|3
33532|58489|3
33532|70644|3
35238|35677|2
35238|80429|2
35238|80436|2
35238|8796|2
35238|80382|2
35238|14795|2
35238|32389|2
35238|81532|2
35238|40582|2
35238|77415|2
35238|33317|2
35238|78990|2
35238|58489|2
38323|80428|2
38323|80444|2
38323|17319|2
38323|83206|2
70640|13309|2
70640|70652|2
70640|70645|2
70640|70646|2
70640|70644|2
81652|81619|2
81652|78050|2
81652|35680|2
81652|32345|2
81652|20528|2
81652|37547|2
13107|9284|1
20075|37523|-1
62114|83912|2
62114|83920|2
62114|71816|2
5829|60446|-3
5829|70762|-4
19356|27134|-1
26468|37523|-1
19315|37523|-1
19297|19330|-1
37523|83565|1
25774|38862|1
25774|27193|1
25774|25776|1
25774|19294|1
19927|19364|1
19927|27005|1
19927|19290|1
19927|53904|1
21450|33361|-3
10000|33361|-3
51849|33361|-3
74152|16300|-3
83482|17988|3
83482|71169|3
83482|15637|2
83482|57100|2
83482|54205|1
83482|71675|2
83482|81485|2
83482|82553|1
83482|19316|2
83482|77610|2
83482|82544|1
83482|25134|3
83482|11178|3
83482|75958|3
83482|14052|3
83482|82608|3
83482|18353|2
83482|78326|3
83482|37052|3
83482|11919|2
83482|44744|2
83482|82559|1
83482|70612|2
83482|64659|2
83482|83633|2
83482|79128|2
83482|62889|3
83482|55400|3
83482|70655|2
83482|24971|2
83482|23887|3
83482|24391|3
83482|24978|3
83482|54217|3
83482|23793|3
83482|54207|3
83482|20089|3
83482|74252|3
83482|82561|2
62608|44091|-3
62608|74124|-1
54205|71675|1
54205|81485|1
82553|19316|1
82553|77610|1
82553|20089|2
82553|74252|2
19316|20089|1
19316|74252|1
82544|25134|2
82544|11178|2
82544|75958|2
82544|14052|2
82544|82608|2
82544|18353|1
82544|78326|2
82544|37052|2
82544|24971|1
82544|23887|2
82544|24391|2
82544|24978|2
82544|54217|2
82544|23793|2
82544|54207|2
18353|78326|1
18353|37052|1
82559|70612|1
82559|64659|1
82559|83633|1
82559|79128|1
82559|82561|1
27133|16300|-4
37536|77299|2
37536|16960|2
37536|62119|2
37536|41352|2
37536|69422|2
37536|41873|2
37536|62143|2
37536|63433|2
37536|37515|2
37536|68238|2
37536|27004|2
37536|22502|2
37536|73906|2
37536|36485|3
37536|81375|3
37536|50082|3
37536|53030|2
37536|15418|2
37536|82556|3
37536|54239|2
37536|21253|2
37536|76249|2
37536|12197|2
19330|8453|1
19330|15017|1
19330|69427|1
19330|19357|1
24971|23887|1
24971|24391|1
24971|24978|1
24971|54217|1
24971|23793|1
24971|54207|1
42498|27134|-1
15854|15851|1
15854|31294|1
15854|15849|1
15854|25849|1
32353|78025|1
32353|35618|1
32353|62529|1
32353|32341|1
32353|51194|1
32353|44910|1
32353|32339|1
32353|7844|1
20568|61887|1
72672|44689|1
53273|27589|1
53273|38611|1
53273|38698|1
53273|5544|1
53273|45706|1
53273|21845|1
44854|42519|2
44854|68110|2
44854|17241|2
44854|79840|2
44854|38012|2
44854|72656|2
44854|21820|1
44854|51203|2
44854|17053|1
44854|61791|2
44854|52656|2
21329|54673|1
21329|56110|1
21329|19171|1
21329|23620|1
84726|16286|-2
84726|16268|-1
16286|16268|1
16286|16461|1
16286|60279|2
16286|9012|1
16461|60279|1
43085|47547|1
43085|8989|1
43085|16843|1
43085|16872|1
43085|20758|1
43085|29183|1
47572|70762|-3
47572|29449|-1
47572|70762|-4
66873|54206|-2
67753|55900|-1
42519|17053|-1
68110|17053|-1
17241|17053|-1
79840|17053|-1
72656|17053|-1
40509|74166|1
40509|31040|1
11421|44091|-3
11421|25744|-1
16278|10759|1
16278|36549|1
16278|16300|-2
10759|16300|-3
31352|16300|-2
74740|16300|-2
36549|16300|-3
38585|70762|-2
38585|70762|-3
37108|27134|-1
74599|54565|2
74599|12446|1
8219|50748|1
8219|44093|2
8219|59370|2
8219|51696|2
8219|71448|2
8219|57460|2
8219|40843|1
8219|67925|2
8219|10127|2
8219|80734|2
8219|75697|2
8219|43086|2
8219|71251|2
8219|34015|2
8219|17155|1
8219|17162|2
8219|48049|2
8219|19187|1
8219|48606|2
8219|38084|2
8219|47463|2
8219|16318|1
8219|36431|2
8219|5501|3
8219|81381|3
8219|65476|3
8219|12665|3
8219|25990|3
8219|35665|3
8219|48042|3
8219|3101|3
8219|36479|3
8219|68721|3
8219|66393|3
8219|36486|3
8219|81376|3
8219|53440|3
8219|53444|3
8219|77561|3
8219|63486|3
8219|44817|3
8219|5480|3
50748|44093|1
50748|59370|1
50748|51696|1
50748|71448|1
50748|57460|1
40843|67925|1
40843|10127|1
40843|80734|1
40843|75697|1
40843|43086|1
40843|71251|1
17155|17162|1
17155|48049|1
19187|48606|1
19187|38084|1
19187|47463|1
16318|36431|1
16318|5501|2
16318|81381|2
16318|65476|2
16318|12665|2
16318|25990|2
16318|35665|2
16318|48042|2
16318|3101|2
16318|36479|2
16318|68721|2
16318|66393|2
16318|36486|2
16318|81376|2
16318|53440|2
16318|53444|2
16318|77561|2
16318|63486|2
16318|44817|2
16318|5480|2
36431|12665|1
36431|25990|1
36431|35665|1
36431|48042|1
36431|3101|1
36431|5480|1
7252|44091|-3
7252|80144|-1
44091|74124|2
44091|80144|2
44091|63951|2
44091|49408|2
44091|17627|3
44091|77300|3
44091|77774|3
44091|71916|3
44091|47239|3
44091|52316|3
44091|27387|3
44091|60103|3
44091|12746|3
44091|44683|2
44091|58769|2
44091|20085|3
44091|61489|3
44091|58578|3
44091|7834|3
44091|25744|2
44091|9497|3
44091|71384|2
44091|27912|2
44091|63903|2
44091|18293|1
44091|41519|3
74124|17627|1
80144|77300|1
49408|77774|1
51278|7987|-2
25744|9497|1
47629|47570|1
47629|47630|2
47629|47587|2
47629|80333|2
47629|74763|2
47629|21815|2
47629|22183|2
47629|63187|2
47629|19291|2
47629|66962|2
47570|47630|1
47570|47587|1
47570|80333|1
7179|16307|-1
7179|57675|1
7179|15704|1
16307|64196|1
16307|62670|2
16307|62751|2
16307|52368|2
16307|81584|2
16307|57675|2
16307|15704|2
16307|36469|2
16307|75984|2
16307|36506|2
16307|7491|2
16307|32385|2
16307|31680|2
16307|56880|2
16307|36442|1
16307|70863|2
16307|74220|2
16307|68708|2
64196|62670|1
64196|62751|1
64196|52368|1
64196|81584|1
16300|24011|3
16300|12201|2
16300|12203|3
16300|68416|2
16300|12205|2
16300|63704|2
16300|39526|2
16300|5943|2
16300|7970|2
16300|8508|2
16300|14119|2
16300|25663|2
16300|16322|3
16300|57667|2
16300|44858|2
16300|24987|2
16300|10752|2
16300|60719|3
16300|45798|2
16300|77754|3
16300|7328|2
16300|26459|3
16300|41576|2
16300|61062|2
16300|24271|2
16300|70690|2
16300|16304|1
16300|19346|2
16300|61170|2
16300|46777|2
16300|13010|2
16300|6191|2
16300|12647|2
16300|19919|2
16300|77942|2
16300|29367|2
16300|44671|2
16300|24433|1
16300|12550|2
16300|38333|2
16300|15638|2
16300|41860|2
16300|22079|2
16300|23863|2
16300|15073|2
16300|22504|2
16300|81203|3
16300|22500|3
16300|54491|3
16300|33278|3
16300|7220|3
16300|49678|3
16300|36441|3
16300|31338|2
16300|23840|3
16300|75583|2
16300|9108|3
16300|71738|3
16300|16305|3
16300|46424|3
16300|81787|3
12201|12203|1
25663|16322|1
24987|9108|1
60719|31338|-1
77754|31338|-1
7328|26459|1
16304|19346|1
24433|12550|1
24433|38333|1
24433|15638|1
24433|41860|1
24433|22079|1
24433|23863|1
24433|15073|1
22504|81203|1
75696|27134|-1
7987|65256|2
7987|14571|2
7987|57934|2
7987|55901|1
7987|81707|2
7987|46806|2
7987|69405|2
7987|74813|2
7987|22158|1
7987|56726|2
7987|63459|2
7987|33988|2
7987|67759|2
7987|61920|2
55901|81707|1
55901|46806|1
55901|69405|1
55901|74813|1
22158|56726|1
32542|70762|-3
32542|70762|-4
18950|65489|1
18950|9031|2
18950|68195|1
18950|70626|1
18950|28566|2
18950|25160|1
18950|25159|2
65489|9031|1
28566|25160|-1
25160|25159|1
5546|47461|1
33361|60124|1
33361|12185|2
33361|21997|2
33361|60127|2
33361|68197|2
33361|38046|1
33361|3099|2
33361|38377|2
33361|55909|3
33361|54499|3
33361|45595|2
33361|23010|3
33361|71883|3
33361|52600|3
33361|65592|3
33361|77833|3
33361|8539|3
33361|28482|3
33361|29723|2
33361|5180|3
33361|58192|3
33361|81718|1
33361|6989|2
33361|19303|3
33361|8317|3
33361|8321|3
33361|20788|2
33361|45167|3
33361|25577|2
33361|9806|3
33361|64205|3
33361|25564|2
33361|70354|3
33361|25875|2
33361|59173|2
33361|75659|3
33361|75653|3
33361|24312|1
33361|34273|2
33361|64598|3
33361|43087|2
33361|55632|3
33361|56174|3
33361|58047|3
33361|76936|2
33361|72080|3
33361|23040|3
33361|43874|3
33361|76161|3
33361|21043|3
33361|12092|3
33361|75855|3
33361|20780|2
33361|27669|2
33361|8639|2
33361|65513|1
33361|27672|2
33361|26240|3
33361|27441|3
33361|27444|3
33361|63650|3
33361|21058|2
33361|60294|3
33361|17600|3
33361|69261|3
33361|13560|3
33361|45564|3
33361|51086|3
33361|58124|2
33361|71575|2
33361|66756|2
33361|83096|2
33361|61919|3
33361|61918|4
33361|61922|3
38046|3099|1
38046|38377|1
38046|55909|2
38046|54499|2
38046|45595|1
38046|23010|2
38046|71883|2
38046|52600|2
38046|65592|2
38046|77833|2
38046|8539|2
38046|28482|2
38046|29723|1
38046|5180|2
38046|58192|2
38377|55909|1
38377|54499|1
45595|23010|1
45595|71883|1
45595|52600|1
45595|65592|1
29723|5180|1
29723|58192|1
81718|6989|1
81718|19303|2
81718|8317|2
81718|8321|2
81718|20788|1
81718|45167|2
6989|19303|1
25577|9806|1
25577|64205|1
25564|70354|1
24312|34273|1
24312|64598|2
24312|43087|1
24312|55632|2
24312|56174|2
24312|58047|2
24312|76936|1
24312|72080|2
34273|64598|1
66872|70762|-4
66872|54397|-2
66872|60284|-1
66872|70762|-5
76936|72080|1
12092|20780|-1
75855|20780|-1
65513|27672|1
65513|26240|2
65513|27441|2
65513|27444|2
65513|63650|2
65513|21058|1
65513|60294|2
65513|17600|2
65513|69261|2
27672|26240|1
27672|27441|1
27672|27444|1
27672|63650|1
21058|60294|1
21058|17600|1
27134|79473|1
62332|70762|-4
22516|70762|-3
70762|38629|3
70762|46720|3
70762|47773|4
70762|81519|3
70762|54397|2
70762|45597|3
70762|30929|4
70762|60284|3
70762|49997|4
70762|49173|4
70762|47811|4
70762|74650|3
70762|50123|4
70762|16462|4
70762|59171|4
70762|12067|4
70762|45745|4
70762|81365|3
70762|70766|2
70762|57182|3
70762|27901|3
70762|17497|2
70762|30393|3
70762|16763|3
70762|16123|3
70762|29449|2
70762|29453|3
70762|23699|3
70762|70790|2
70762|70762|-1
70762|14097|3
38629|70762|-4
46720|47773|1
46720|70762|-4
47773|70762|-5
81519|70762|-4
54397|45597|1
54397|30929|2
54397|60284|1
54397|49997|2
54397|49173|2
54397|47811|2
54397|50123|2
54397|16462|2
54397|59171|2
54397|12067|2
54397|45745|2
54397|70762|-3
45597|30929|1
45597|70762|-4
30929|70762|-5
60284|49997|1
60284|49173|1
60284|47811|1
60284|50123|1
60284|16462|1
60284|59171|1
60284|70762|-4
49997|70762|-5
49173|70762|-5
47811|70762|-5
74650|17497|-1
74650|70762|-4
50123|70762|-5
16462|70762|-5
59171|70762|-5
12067|70762|-5
45745|70762|-5
81365|70762|-4
70766|70762|-3
57182|70762|-4
27901|70762|-4
75583|81787|1
17497|30393|1
17497|16763|1
17497|16123|1
17497|70762|-3
30393|70762|-4
16763|70762|-4
16123|70762|-4
29449|29453|1
29449|23699|1
29449|70762|-3
29453|70762|-4
23699|70762|-4
70790|70762|-3
60446|70762|-1
60446|58710|3
60446|37663|3
60446|14675|3
60446|47709|3
60446|16840|3
60446|63550|3
60446|60270|3
60446|56329|3
60446|29856|3
60446|74703|2
60446|16097|1
60446|78941|2
60446|59909|2
60446|36065|2
60446|79817|2
60446|7988|2
60446|74734|2
60446|67946|2
60446|56092|2
70762|58710|4
70762|37663|4
70762|14675|4
70762|47709|4
70762|16840|4
70762|63550|4
70762|60270|4
70762|56329|4
70762|29856|4
70762|74703|3
70762|16097|2
70762|78941|3
70762|59909|3
70762|36065|3
70762|79817|3
70762|7988|3
70762|74734|3
70762|70772|2
70762|64419|3
70762|6149|4
70762|15079|4
70762|80663|4
70762|20786|4
70762|65271|3
70762|53458|3
70762|29015|3
70762|64846|3
70762|70782|4
70762|14097|4
70762|70796|4
70762|27676|3
70762|82131|4
70762|80400|4
70762|77536|4
70762|9447|3
70762|70775|3
70762|67946|3
70762|56092|3
70762|26248|3
16097|78941|1
16097|59909|1
16097|56092|1
70772|64419|1
64846|70782|1
21820|51203|1
17053|61791|1
17053|52656|1
6501|9444|1
6501|11711|1
6501|22282|1
6501|23733|1
6501|59701|1
45707|83220|1
61919|61918|1
