37543|19430|1
37543|19331|2
37543|19358|2
37543|19301|4
37543|19313|4
37543|67394|0
37543|51174|0
37543|33532|0
37543|13107|3
37543|47037|3
37543|62444|3
37543|19156|4
37543|50410|4
37543|14942|3
37543|20075|3
37543|12061|3
37543|62114|2
37543|81425|3
37543|19356|4
37543|62116|4
37543|26468|3
37543|19315|3
37543|19297|3
37543|37523|2
37543|83565|3
37543|25774|2
37543|38862|3
37543|27193|3
37543|25776|3
37543|31453|3
37543|68201|3
37543|19927|2
37543|19364|3
37543|27005|3
37543|19290|3
37543|49681|3
37543|49684|3
37543|47387|3
37543|83482|1
37543|17988|4
37543|71169|4
37543|15637|3
37543|57100|3
37543|54205|2
37543|71675|3
37543|81485|3
37543|82553|2
37543|19316|3
37543|77610|3
37543|82544|2
37543|25134|4
37543|11178|4
37543|75958|4
37543|14052|4
37543|82608|4
37543|18353|3
37543|78326|4
37543|37052|4
37543|83060|3
37543|11919|3
37543|44744|3
37543|82559|2
37543|70612|3
37543|64659|3
37543|83633|3
37543|79128|3
37543|83912|4
37543|83920|4
37543|62889|4
37543|55400|4
37543|37536|1
37543|77299|3
37543|16960|3
37543|62119|3
37543|41352|3
37543|69422|3
37543|41873|3
37543|62143|3
37543|63433|3
37543|19330|2
37543|37515|3
37543|68238|3
37543|27004|3
37543|22502|3
37543|73906|3
37543|70655|3
37543|36485|4
37543|81375|4
37543|50082|4
37543|21420|2
37543|7758|3
37543|33679|4
37543|42609|4
37543|9284|4
37543|43021|4
37543|43082|4
37543|68749|4
37543|8453|3
37543|15017|3
37543|69427|3
37543|19357|3
37543|64397|3
37543|28799|4
37543|57305|4
37543|22185|3
37543|24971|3
37543|23887|4
37543|24391|4
37543|24978|4
37543|54217|4
37543|23793|4
37543|54207|4
37543|54311|3
37543|42498|4
37543|37108|4
37543|53030|3
37543|16300|0
37543|75696|4
37543|70650|3
37543|33361|0
37543|57674|3
37543|27134|3
37543|79473|4
37543|71816|4
37543|19789|4
37543|44600|4
37543|53904|3
37543|20089|4
37543|74252|4
37543|82561|3
37543|15418|3
37543|82556|4
37543|19294|3
37543|58146|2
37543|70762|0
37543|11638|3
37543|54239|3
37543|21253|3
37543|76249|3
37543|31829|3
37543|12197|3
19430|19331|1
19430|19358|1
19430|19301|3
19430|19313|3
19430|20075|2
19430|12061|2
19430|62114|1
19430|81425|2
19430|19356|3
19430|62116|3
19430|26468|2
19430|19315|2
19430|37523|1
19430|83565|2
19430|83482|0
19430|83912|3
19430|83920|3
19430|37536|0
19430|7758|2
19430|43021|3
19430|43082|3
19430|42498|3
19430|37108|3
19430|75696|3
19430|57674|2
19430|27134|2
19430|79473|3
19430|71816|3
19430|19789|3
19430|44600|3
19430|11638|2
19331|19358|0
19331|62114|0
19331|19356|2
19331|37523|0
19331|42498|2
19331|37108|2
19331|75696|2
19331|57674|1
19331|27134|1
19331|79473|2
19358|19301|2
19358|19313|2
19358|62114|0
19358|37523|0
19301|19313|0
67394|18425|1
67394|40544|2
67394|18409|2
67394|8842|2
67394|5201|2
67394|7254|2
67394|21449|2
67394|71810|2
67394|38912|2
67394|74760|1
67394|47489|3
67394|78349|3
67394|19432|1
67394|70793|1
67394|51174|0
67394|33532|0
67394|10783|3
67394|33365|2
67394|16300|0
67394|33361|0
67394|8859|2
67394|70762|0
67394|60168|2
67394|11123|3
67394|33450|3
67394|21452|3
67394|19201|2
67394|37518|2
67394|22474|2
67394|71684|3
67394|57433|3
67394|28557|2
67394|75993|3
67394|61140|3
18425|40544|1
18425|18409|1
18425|74760|0
18425|19432|0
18425|70793|0
18425|11123|2
18425|33450|2
18425|21452|2
18425|61140|2
40544|18409|0
8842|5201|0
8842|7254|0
8842|21449|0
8842|10783|1
8842|8859|0
8842|75993|1
5201|7254|0
5201|21449|0
5201|8859|0
7254|21449|0
7254|8859|0
21449|8859|0
71810|38912|0
74760|47489|2
74760|78349|2
74760|19432|0
74760|70793|0
74760|37518|1
74760|22474|1
74760|28557|1
47489|78349|0
51210|67403|1
51210|47489|1
51210|51174|-2
51210|51215|0
51210|51209|0
51210|51199|0
67403|47489|0
67403|51174|-3
47489|51174|-3
19432|70793|0
19432|19201|1
51174|51176|1
51174|41608|3
51174|51207|1
51174|29452|3
51174|65750|3
51174|77938|2
51174|35147|2
51174|65735|3
51174|25457|2
51174|82166|2
51174|22553|3
51174|55637|3
51174|20088|3
51174|55642|3
51174|51204|1
51174|51213|2
51174|42908|3
51174|44427|3
51174|82150|3
51174|51215|2
51174|51209|2
51174|51199|2
51174|14936|2
51174|42969|2
51174|51197|2
51174|51201|2
51174|51202|2
51174|34725|2
51174|66477|2
51174|19295|2
51174|47483|2
51174|55284|2
51174|56725|3
51174|70438|3
51174|83223|2
51174|33532|0
51174|16300|0
51174|5546|2
51174|33361|0
51174|38578|2
51174|70762|0
51174|15541|3
51174|27823|5
51174|45707|4
51174|35407|4
51174|51474|2
51174|51554|3
51174|64277|3
51174|51212|3
51174|83217|3
51174|83533|3
51174|83220|5
51174|47461|3
51174|51198|2
51174|54218|3
51176|41608|2
51176|51207|0
51176|51204|0
51207|29452|2
51207|65750|2
51207|77938|1
51207|35147|1
51207|51204|0
51207|51474|1
77938|35147|0
77938|51474|0
35147|51474|0
25457|82166|0
25457|51554|1
25457|51212|1
82166|15541|1
55637|20088|0
55637|55642|0
20088|55642|0
51204|51213|1
51204|51198|1
51213|51198|0
42908|44427|0
42908|82150|0
44427|82150|0
51215|51209|0
51215|51199|0
51215|27823|3
51215|45707|2
51215|35407|2
51215|83220|3
51209|51199|0
14936|42969|0
14936|51197|0
14936|51201|0
42969|51197|0
42969|51201|0
51197|51201|0
51202|34725|0
51202|66477|0
51202|19295|0
51202|47483|0
51202|55284|0
51202|83223|0
51202|5546|0
51202|38578|0
34725|66477|0
34725|19295|0
34725|47483|0
34725|55284|0
34725|83223|0
34725|5546|0
34725|38578|0
66477|19295|0
66477|47483|0
66477|55284|0
66477|83223|0
66477|5546|0
66477|38578|0
19295|47483|0
19295|55284|0
19295|83223|0
19295|5546|0
19295|38578|0
47483|55284|0
47483|83223|0
47483|5546|0
47483|38578|0
55284|56725|1
55284|70438|1
55284|83223|0
55284|5546|0
55284|38578|0
55284|54218|1
56725|70438|0
56725|54218|0
70438|54218|0
83223|5546|0
83223|38578|0
83223|83217|1
83223|83533|1
33532|35238|1
33532|38323|1
33532|70640|1
33532|81652|1
33532|13309|3
33532|35677|3
33532|70652|3
33532|70645|3
33532|70646|3
33532|80429|3
33532|80436|3
33532|81619|3
33532|8796|3
33532|16300|0
33532|33361|0
33532|80382|3
33532|80428|3
33532|80444|3
33532|14795|3
33532|32389|3
33532|81532|3
33532|40582|3
33532|78050|3
33532|35680|3
33532|32345|3
33532|20528|3
33532|70378|3
33532|39671|3
33532|47486|3
33532|47473|3
33532|58349|3
33532|56556|3
33532|23796|3
33532|74948|3
33532|79075|3
33532|47471|3
33532|6815|3
33532|17319|3
33532|37547|3
33532|70762|0
33532|77415|3
33532|83206|3
33532|5212|1
33532|33317|3
33532|78990|3
33532|58489|3
33532|70644|3
35238|38323|0
35238|70640|0
35238|81652|0
35238|35677|2
35238|80429|2
35238|80436|2
35238|8796|2
35238|80382|2
35238|14795|2
35238|32389|2
35238|81532|2
35238|40582|2
35238|77415|2
35238|5212|0
35238|33317|2
35238|78990|2
35238|58489|2
38323|70640|0
38323|81652|0
38323|80428|2
38323|80444|2
38323|17319|2
38323|83206|2
38323|5212|0
70640|81652|0
70640|13309|2
70640|70652|2
70640|70645|2
70640|70646|2
70640|5212|0
70640|70644|2
81652|81619|2
81652|78050|2
81652|35680|2
81652|32345|2
81652|20528|2
81652|37547|2
81652|5212|0
13107|9284|1
47037|62444|0
19156|50410|0
14942|22185|0
20075|26468|0
20075|19315|0
20075|37523|-1
20075|83565|0
12061|81425|0
62114|37523|0
62114|83912|2
62114|83920|2
62114|71816|2
5829|60446|-3
5829|70762|-4
5829|58710|0
5829|37663|0
5829|14675|0
5829|47709|0
5829|16840|0
5829|63550|0
5829|60270|0
5829|56329|0
5829|29856|0
19356|42498|0
19356|37108|0
19356|75696|0
19356|27134|-1
19356|79473|0
26468|19315|0
26468|37523|-1
26468|83565|0
19315|37523|-1
19315|83565|0
19297|19330|-1
19297|8453|0
19297|15017|0
19297|69427|0
19297|19357|0
37523|83565|1
25774|38862|1
25774|27193|1
25774|25776|1
25774|19927|0
25774|19330|0
25774|21420|0
25774|19294|1
25774|58146|0
38862|27193|0
38862|25776|0
38862|19294|0
27193|25776|0
27193|19294|0
25776|19294|0
13309|70652|0
13309|70645|0
13309|70644|0
31453|68201|0
31453|31829|0
68201|31829|0
19927|19364|1
19927|27005|1
19927|19290|1
19927|19330|0
19927|21420|0
19927|53904|1
19927|58146|0
19364|27005|0
19364|19290|0
19364|53904|0
27005|19290|0
27005|53904|0
19290|53904|0
21450|10000|0
21450|51849|0
21450|33361|-3
10000|51849|0
10000|33361|-3
51849|33361|-3
49681|49684|0
49681|47387|0
35677|8796|0
35677|14795|0
35677|32389|0
35677|81532|0
49684|47387|0
74152|16300|-3
83482|17988|3
83482|71169|3
83482|15637|2
83482|57100|2
83482|54205|1
83482|71675|2
83482|81485|2
83482|82553|1
83482|19316|2
83482|77610|2
83482|82544|1
83482|25134|3
83482|11178|3
83482|75958|3
83482|14052|3
83482|82608|3
83482|18353|2
83482|78326|3
83482|37052|3
83482|11919|2
83482|44744|2
83482|82559|1
83482|70612|2
83482|64659|2
83482|83633|2
83482|79128|2
83482|62889|3
83482|55400|3
83482|37536|0
83482|70655|2
83482|24971|2
83482|23887|3
83482|24391|3
83482|24978|3
83482|54217|3
83482|23793|3
83482|54207|3
83482|20089|3
83482|74252|3
83482|82561|2
17988|71169|0
62608|44091|-3
62608|74124|-1
62608|17627|0
15637|57100|0
15637|70655|0
70652|70645|0
70652|70644|0
57100|70655|0
54205|71675|1
54205|81485|1
54205|82553|0
54205|82544|0
54205|82559|0
71675|81485|0
82553|19316|1
82553|77610|1
82553|82544|0
82553|82559|0
82553|20089|2
82553|74252|2
19316|77610|0
19316|20089|1
19316|74252|1
82544|25134|2
82544|11178|2
82544|75958|2
82544|14052|2
82544|82608|2
82544|18353|1
82544|78326|2
82544|37052|2
82544|82559|0
82544|24971|1
82544|23887|2
82544|24391|2
82544|24978|2
82544|54217|2
82544|23793|2
82544|54207|2
25134|11178|0
25134|75958|0
25134|14052|0
25134|82608|0
11178|75958|0
11178|14052|0
11178|82608|0
75958|14052|0
75958|82608|0
14052|82608|0
70645|70644|0
18353|78326|1
18353|37052|1
18353|24971|0
78326|37052|0
83060|64397|0
83060|54311|0
83060|70650|0
11919|44744|0
82559|70612|1
82559|64659|1
82559|83633|1
82559|79128|1
82559|82561|1
70612|64659|0
70612|83633|0
70612|79128|0
70612|82561|0
64659|83633|0
64659|79128|0
64659|82561|0
83633|79128|0
83633|82561|0
79128|82561|0
27133|16300|-4
83912|83920|0
62889|55400|0
37536|77299|2
37536|16960|2
37536|62119|2
37536|41352|2
37536|69422|2
37536|41873|2
37536|62143|2
37536|63433|2
37536|37515|2
37536|68238|2
37536|27004|2
37536|22502|2
37536|73906|2
37536|36485|3
37536|81375|3
37536|50082|3
37536|53030|2
37536|15418|2
37536|82556|3
37536|54239|2
37536|21253|2
37536|76249|2
37536|12197|2
77299|16960|0
77299|54239|0
77299|21253|0
77299|76249|0
16960|54239|0
16960|21253|0
16960|76249|0
80429|80436|0
80429|80382|0
80436|80382|0
41352|69422|0
41352|41873|0
41352|53030|0
69422|41873|0
69422|53030|0
41873|53030|0
62143|63433|0
62143|37515|0
62143|68238|0
62143|27004|0
62143|22502|0
62143|73906|0
62143|12197|0
63433|37515|0
63433|68238|0
63433|27004|0
63433|22502|0
63433|73906|0
63433|12197|0
19330|21420|0
19330|8453|1
19330|15017|1
19330|69427|1
19330|19357|1
19330|58146|0
37515|68238|0
37515|27004|0
37515|22502|0
37515|73906|0
37515|12197|0
68238|27004|0
68238|22502|0
68238|73906|0
68238|12197|0
27004|22502|0
27004|73906|0
27004|12197|0
22502|73906|0
22502|12197|0
73906|12197|0
36485|81375|0
36485|50082|0
81375|50082|0
21420|58146|0
7758|11638|0
33679|42609|0
43021|43082|0
8453|15017|0
8453|69427|0
8453|19357|0
15017|69427|0
15017|19357|0
69427|19357|0
64397|54311|0
64397|70650|0
28799|57305|0
10783|75993|0
24971|23887|1
24971|24391|1
24971|24978|1
24971|54217|1
24971|23793|1
24971|54207|1
23887|24391|0
23887|24978|0
23887|54217|0
23887|23793|0
23887|54207|0
24391|24978|0
24391|54217|0
24391|23793|0
24391|54207|0
24978|54217|0
24978|23793|0
24978|54207|0
54217|23793|0
54217|54207|0
23793|54207|0
54311|70650|0
42498|37108|0
42498|75696|0
42498|27134|-1
42498|79473|0
15854|15851|1
15854|31294|1
15854|15849|1
15854|25849|1
15854|32353|0
15851|31294|0
15851|15849|0
15851|25849|0
31294|15849|0
31294|25849|0
15849|25849|0
32353|78025|1
32353|35618|1
32353|62529|1
32353|32341|1
32353|51194|1
32353|44910|1
32353|32339|1
32353|7844|1
78025|35618|0
78025|62529|0
78025|32341|0
78025|51194|0
78025|44910|0
78025|32339|0
78025|7844|0
35618|62529|0
35618|32341|0
35618|51194|0
35618|44910|0
35618|32339|0
35618|7844|0
62529|32341|0
62529|51194|0
62529|44910|0
62529|32339|0
62529|7844|0
32341|51194|0
32341|44910|0
32341|32339|0
32341|7844|0
51194|44910|0
51194|32339|0
51194|7844|0
44910|32339|0
44910|7844|0
9849|44688|0
9849|27388|0
9849|72659|0
44688|27388|0
44688|72659|0
27388|72659|0
45003|48199|0
45003|35710|0
45003|20568|0
48199|35710|0
48199|20568|0
35710|20568|0
20568|61887|1
81023|80895|0
81023|26947|0
81023|56139|0
81023|40346|0
80895|26947|0
80895|56139|0
80895|40346|0
26947|56139|0
26947|40346|0
31674|69486|0
56139|40346|0
62168|63882|0
62168|76705|0
62168|74307|0
62168|21526|0
62168|14994|0
62168|24312|0
63882|76705|0
63882|74307|0
63882|21526|0
63882|14994|0
63882|24312|0
76705|74307|0
76705|21526|0
76705|14994|0
76705|24312|0
74307|21526|0
74307|14994|0
74307|24312|0
21526|14994|0
21526|24312|0
14994|24312|0
72672|44689|1
72672|60230|0
53273|44854|0
53273|27589|1
53273|38611|1
53273|38698|1
53273|21329|0
53273|12584|0
53273|38028|0
53273|52757|0
53273|61801|0
53273|5544|1
53273|45706|1
53273|21845|1
44854|21329|0
44854|12584|0
44854|38028|0
44854|52757|0
44854|61801|0
44854|42519|2
44854|68110|2
44854|17241|2
44854|79840|2
44854|38012|2
44854|72656|2
44854|21820|1
44854|51203|2
44854|17053|1
44854|61791|2
44854|52656|2
27589|38611|0
27589|38698|0
27589|5544|0
27589|45706|0
27589|21845|0
38611|38698|0
38611|5544|0
38611|45706|0
38611|21845|0
38698|5544|0
38698|45706|0
38698|21845|0
21329|54673|1
21329|56110|1
21329|19171|1
21329|23620|1
21329|12584|0
21329|38028|0
21329|52757|0
21329|61801|0
54673|56110|0
54673|19171|0
54673|23620|0
56110|19171|0
56110|23620|0
19171|23620|0
12584|38028|0
12584|52757|0
12584|61801|0
84726|16286|-2
84726|16268|-1
38028|52757|0
38028|61801|0
52757|61801|0
5544|45706|0
5544|21845|0
45706|21845|0
16286|16268|1
16286|16461|1
16286|60279|2
16286|43085|0
16286|9012|1
16268|16461|0
16268|9012|0
16461|60279|1
16461|9012|0
19930|18422|0
43085|47547|1
43085|8989|1
43085|16843|1
43085|16872|1
43085|20758|1
43085|29183|1
47572|70762|-3
47572|29449|-1
47572|29453|0
47572|23699|0
47572|70762|-4
47547|8989|0
47547|16843|0
47547|16872|0
47547|20758|0
47547|29183|0
8989|16843|0
8989|16872|0
8989|20758|0
8989|29183|0
16843|16872|0
16843|20758|0
16843|29183|0
16872|20758|0
16872|29183|0
20758|29183|0
66873|54206|-2
27374|72655|0
67753|55900|-1
56333|67266|0
56333|43495|0
67266|43495|0
71214|69021|0
42519|68110|0
42519|17241|0
42519|79840|0
42519|72656|0
42519|17053|-1
42519|61791|0
42519|52656|0
68110|17241|0
68110|79840|0
68110|72656|0
68110|17053|-1
68110|61791|0
68110|52656|0
17241|79840|0
17241|72656|0
17241|17053|-1
17241|61791|0
17241|52656|0
79840|72656|0
79840|17053|-1
79840|61791|0
79840|52656|0
72656|17053|-1
72656|61791|0
72656|52656|0
54206|22155|0
54206|6501|0
60952|16283|0
60952|62543|0
60952|27189|0
60952|26256|0
60952|62536|0
16283|62543|0
16283|27189|0
16283|26256|0
16283|62536|0
62543|27189|0
62543|26256|0
62543|62536|0
27189|26256|0
27189|62536|0
26256|62536|0
40509|9838|0
40509|5469|0
40509|68080|0
40509|74166|1
40509|31040|1
11421|44091|-3
11421|25744|-1
11421|9497|0
9838|5469|0
9838|68080|0
16278|10759|1
16278|31352|0
16278|74740|0
16278|36549|1
16278|16300|-2
16278|10752|0
16278|45798|0
16278|31338|0
10759|36549|0
10759|16300|-3
31352|74740|0
31352|16300|-2
31352|10752|0
31352|45798|0
31352|31338|0
74740|16300|-2
74740|10752|0
74740|45798|0
74740|31338|0
36549|16300|-3
19332|19325|0
38585|70762|-2
38585|70790|0
38585|70762|-3
37108|75696|0
37108|27134|-1
37108|79473|0
38960|59697|0
38960|60429|0
38960|60426|0
38960|8406|0
38960|56096|0
38960|5103|0
59697|60429|0
59697|60426|0
59697|8406|0
59697|56096|0
59697|5103|0
60429|60426|0
60429|8406|0
60429|56096|0
60429|5103|0
60426|8406|0
60426|56096|0
60426|5103|0
8406|56096|0
8406|5103|0
56096|5103|0
74599|54565|2
74599|12446|1
74599|8219|0
74599|44091|0
74599|47629|0
74599|16307|0
74599|22160|0
22155|6501|0
8219|50748|1
8219|44093|2
8219|59370|2
8219|51696|2
8219|71448|2
8219|57460|2
8219|40843|1
8219|67925|2
8219|10127|2
8219|80734|2
8219|75697|2
8219|43086|2
8219|71251|2
8219|34015|2
8219|17155|1
8219|17162|2
8219|48049|2
8219|19187|1
8219|48606|2
8219|38084|2
8219|47463|2
8219|16318|1
8219|36431|2
8219|5501|3
8219|81381|3
8219|65476|3
8219|12665|3
8219|25990|3
8219|35665|3
8219|48042|3
8219|3101|3
8219|36479|3
8219|68721|3
8219|66393|3
8219|36486|3
8219|81376|3
8219|53440|3
8219|53444|3
8219|77561|3
8219|63486|3
8219|44817|3
8219|5480|3
8219|44091|0
8219|47629|0
8219|16307|0
8219|22160|0
50748|44093|1
50748|59370|1
50748|51696|1
50748|71448|1
50748|57460|1
50748|40843|0
50748|17155|0
50748|19187|0
50748|16318|0
44093|59370|0
44093|51696|0
44093|71448|0
44093|57460|0
59370|51696|0
59370|71448|0
59370|57460|0
51696|71448|0
51696|57460|0
71448|57460|0
40843|67925|1
40843|10127|1
40843|80734|1
40843|75697|1
40843|43086|1
40843|71251|1
40843|17155|0
40843|19187|0
40843|16318|0
67925|10127|0
67925|80734|0
67925|75697|0
67925|43086|0
67925|71251|0
10127|80734|0
10127|75697|0
10127|43086|0
10127|71251|0
80734|75697|0
80734|43086|0
80734|71251|0
75697|43086|0
75697|71251|0
43086|71251|0
17155|17162|1
17155|48049|1
17155|19187|0
17155|16318|0
17162|48049|0
19187|48606|1
19187|38084|1
19187|47463|1
19187|16318|0
48606|38084|0
48606|47463|0
38084|47463|0
16318|36431|1
16318|5501|2
16318|81381|2
16318|65476|2
16318|12665|2
16318|25990|2
16318|35665|2
16318|48042|2
16318|3101|2
16318|36479|2
16318|68721|2
16318|66393|2
16318|36486|2
16318|81376|2
16318|53440|2
16318|53444|2
16318|77561|2
16318|63486|2
16318|44817|2
16318|5480|2
36431|12665|1
36431|25990|1
36431|35665|1
36431|48042|1
36431|3101|1
36431|5480|1
5501|81381|0
5501|65476|0
7252|44091|-3
7252|80144|-1
7252|77300|0
81381|65476|0
12665|25990|0
12665|35665|0
12665|48042|0
12665|3101|0
12665|5480|0
25990|35665|0
25990|48042|0
25990|3101|0
25990|5480|0
35665|48042|0
35665|3101|0
35665|5480|0
48042|3101|0
48042|5480|0
3101|5480|0
36479|68721|0
66393|36486|0
66393|81376|0
66393|53440|0
66393|53444|0
66393|77561|0
66393|63486|0
66393|44817|0
36486|81376|0
36486|53440|0
36486|53444|0
36486|77561|0
36486|63486|0
36486|44817|0
81376|53440|0
81376|53444|0
81376|77561|0
81376|63486|0
81376|44817|0
53440|53444|0
53440|77561|0
53440|63486|0
53440|44817|0
53444|77561|0
53444|63486|0
53444|44817|0
77561|63486|0
77561|44817|0
63486|44817|0
44091|74124|2
44091|80144|2
44091|63951|2
44091|49408|2
44091|17627|3
44091|77300|3
44091|77774|3
44091|71916|3
44091|47239|3
44091|52316|3
44091|27387|3
44091|60103|3
44091|12746|3
44091|44683|2
44091|58769|2
44091|20085|3
44091|61489|3
44091|58578|3
44091|7834|3
44091|25744|2
44091|9497|3
44091|71384|2
44091|27912|2
44091|63903|2
44091|18293|1
44091|47629|0
44091|16307|0
44091|22160|0
44091|41519|3
74124|80144|0
74124|63951|0
74124|49408|0
74124|17627|1
80144|63951|0
80144|49408|0
80144|77300|1
63951|49408|0
49408|77774|1
5469|68080|0
51278|7987|-2
51278|63459|0
51278|33988|0
51278|67759|0
51278|61920|0
74166|31040|0
52316|27387|0
52316|60103|0
52316|12746|0
52316|41519|0
27387|60103|0
27387|12746|0
27387|41519|0
60103|12746|0
60103|41519|0
12746|41519|0
44683|58769|0
61489|58578|0
61489|7834|0
58578|7834|0
25744|9497|1
25744|71384|0
25744|27912|0
25744|63903|0
71384|27912|0
71384|63903|0
27912|63903|0
47629|47570|1
47629|47630|2
47629|47587|2
47629|80333|2
47629|74763|2
47629|21815|2
47629|22183|2
47629|63187|2
47629|19291|2
47629|66962|2
47629|16307|0
47629|22160|0
47570|47630|1
47570|47587|1
47570|80333|1
47630|47587|0
47630|80333|0
47587|80333|0
7179|16307|-1
7179|64196|0
7179|57675|1
7179|15704|1
7179|36442|0
21815|22183|0
21815|63187|0
21815|19291|0
21815|66962|0
22183|63187|0
22183|19291|0
22183|66962|0
63187|19291|0
63187|66962|0
19291|66962|0
81619|37547|0
16307|64196|1
16307|62670|2
16307|62751|2
16307|52368|2
16307|81584|2
16307|57675|2
16307|15704|2
16307|36469|2
16307|75984|2
16307|36506|2
16307|7491|2
16307|32385|2
16307|31680|2
16307|56880|2
16307|36442|1
16307|70863|2
16307|74220|2
16307|68708|2
16307|22160|0
64196|62670|1
64196|62751|1
64196|52368|1
64196|81584|1
64196|36442|0
62670|62751|0
62670|52368|0
62670|81584|0
62751|52368|0
62751|81584|0
52368|81584|0
57675|15704|0
36469|75984|0
36469|36506|0
36469|7491|0
75984|36506|0
75984|7491|0
36506|7491|0
32385|31680|0
32385|56880|0
31680|56880|0
8796|14795|0
8796|32389|0
8796|81532|0
70863|74220|0
70863|68708|0
74220|68708|0
16300|24011|3
16300|12201|2
16300|12203|3
16300|68416|2
16300|12205|2
16300|63704|2
16300|39526|2
16300|5943|2
16300|7970|2
16300|8508|2
16300|14119|2
16300|25663|2
16300|16322|3
16300|57667|2
16300|44858|2
16300|24987|2
16300|10752|2
16300|60719|3
16300|45798|2
16300|77754|3
16300|7328|2
16300|26459|3
16300|41576|2
16300|61062|2
16300|24271|2
16300|70690|2
16300|16304|1
16300|19346|2
16300|61170|2
16300|46777|2
16300|13010|2
16300|6191|2
16300|12647|2
16300|19919|2
16300|77942|2
16300|29367|2
16300|44671|2
16300|24433|1
16300|12550|2
16300|38333|2
16300|15638|2
16300|41860|2
16300|22079|2
16300|23863|2
16300|15073|2
16300|22504|2
16300|81203|3
16300|22500|3
16300|54491|3
16300|33278|3
16300|7220|3
16300|49678|3
16300|36441|3
16300|33361|0
16300|31338|2
16300|23840|3
16300|75583|2
16300|9108|3
16300|70762|0
16300|71738|3
16300|16305|3
16300|46424|3
16300|81787|3
12201|12203|1
12201|68416|0
12201|12205|0
12201|63704|0
12201|39526|0
68416|12205|0
68416|63704|0
68416|39526|0
12205|63704|0
12205|39526|0
63704|39526|0
5943|7970|0
5943|8508|0
5943|14119|0
5943|25663|0
5943|57667|0
5943|44858|0
5943|24987|0
5943|75583|0
7970|8508|0
7970|14119|0
7970|25663|0
7970|57667|0
7970|44858|0
7970|24987|0
7970|75583|0
8508|14119|0
8508|25663|0
8508|57667|0
8508|44858|0
8508|24987|0
8508|75583|0
14119|25663|0
14119|57667|0
14119|44858|0
14119|24987|0
14119|75583|0
25663|16322|1
25663|57667|0
25663|44858|0
25663|24987|0
25663|75583|0
57667|44858|0
57667|24987|0
57667|75583|0
44858|24987|0
44858|75583|0
24987|75583|0
24987|9108|1
10752|45798|0
10752|31338|0
60719|77754|0
60719|31338|-1
45798|31338|0
77754|31338|-1
7328|26459|1
7328|41576|0
7328|61062|0
7328|24271|0
7328|70690|0
41576|61062|0
41576|24271|0
41576|70690|0
61062|24271|0
61062|70690|0
24271|70690|0
16304|19346|1
16304|24433|0
61170|46777|0
61170|13010|0
61170|6191|0
46777|13010|0
46777|6191|0
13010|6191|0
12647|19919|0
12647|77942|0
12647|29367|0
12647|44671|0
19919|77942|0
19919|29367|0
19919|44671|0
77942|29367|0
77942|44671|0
29367|44671|0
24433|12550|1
24433|38333|1
24433|15638|1
24433|41860|1
24433|22079|1
24433|23863|1
24433|15073|1
12550|38333|0
12550|15638|0
12550|41860|0
12550|22079|0
12550|23863|0
12550|15073|0
38333|15638|0
38333|41860|0
38333|22079|0
38333|23863|0
38333|15073|0
15638|41860|0
15638|22079|0
15638|23863|0
15638|15073|0
41860|22079|0
41860|23863|0
41860|15073|0
22079|23863|0
22079|15073|0
23863|15073|0
22504|81203|1
22500|54491|0
22500|33278|0
54491|33278|0
7220|49678|0
7220|36441|0
49678|36441|0
75696|27134|-1
75696|79473|0
7987|65256|2
7987|14571|2
7987|57934|2
7987|55901|1
7987|81707|2
7987|46806|2
7987|69405|2
7987|74813|2
7987|22158|1
7987|56726|2
7987|63459|2
7987|33988|2
7987|67759|2
7987|61920|2
7987|18950|0
7987|63188|0
65256|14571|0
65256|57934|0
14571|57934|0
55901|81707|1
55901|46806|1
55901|69405|1
55901|74813|1
55901|22158|0
81707|46806|0
81707|69405|0
81707|74813|0
46806|69405|0
46806|74813|0
69405|74813|0
22158|56726|1
32542|70762|-3
32542|70762|-4
63459|33988|0
63459|67759|0
63459|61920|0
33988|67759|0
33988|61920|0
67759|61920|0
18950|65489|1
18950|9031|2
18950|68195|1
18950|70626|1
18950|28566|2
18950|25160|1
18950|25159|2
18950|63188|0
65489|9031|1
65489|68195|0
65489|70626|0
65489|25160|0
68195|70626|0
68195|25160|0
70626|25160|0
28566|25160|-1
28566|25159|0
25160|25159|1
64053|9067|0
5546|38578|0
5546|47461|1
33361|60124|1
33361|12185|2
33361|21997|2
33361|60127|2
33361|68197|2
33361|38046|1
33361|3099|2
33361|38377|2
33361|55909|3
33361|54499|3
33361|45595|2
33361|23010|3
33361|71883|3
33361|52600|3
33361|65592|3
33361|77833|3
33361|8539|3
33361|28482|3
33361|29723|2
33361|5180|3
33361|58192|3
33361|81718|1
33361|6989|2
33361|19303|3
33361|8317|3
33361|8321|3
33361|20788|2
33361|45167|3
33361|25577|2
33361|9806|3
33361|64205|3
33361|25564|2
33361|70354|3
33361|25875|2
33361|59173|2
33361|75659|3
33361|75653|3
33361|24312|1
33361|34273|2
33361|64598|3
33361|43087|2
33361|55632|3
33361|56174|3
33361|58047|3
33361|76936|2
33361|72080|3
33361|23040|3
33361|43874|3
33361|76161|3
33361|21043|3
33361|12092|3
33361|75855|3
33361|20780|2
33361|27669|2
33361|8639|2
33361|65513|1
33361|27672|2
33361|26240|3
33361|27441|3
33361|27444|3
33361|63650|3
33361|21058|2
33361|60294|3
33361|17600|3
33361|69261|3
33361|13560|3
33361|45564|3
33361|51086|3
33361|58124|2
33361|71575|2
33361|70762|0
33361|66756|2
33361|83096|2
33361|61919|3
33361|61918|4
33361|61922|3
60124|38046|0
60124|81718|0
60124|24312|0
60124|65513|0
12185|21997|0
12185|60127|0
12185|68197|0
12185|66756|0
12185|83096|0
21997|60127|0
21997|68197|0
21997|66756|0
21997|83096|0
60127|68197|0
60127|66756|0
60127|83096|0
68197|66756|0
68197|83096|0
38046|3099|1
38046|38377|1
38046|55909|2
38046|54499|2
38046|45595|1
38046|23010|2
38046|71883|2
38046|52600|2
38046|65592|2
38046|77833|2
38046|8539|2
38046|28482|2
38046|29723|1
38046|5180|2
38046|58192|2
38046|81718|0
38046|24312|0
38046|65513|0
3099|38377|0
3099|45595|0
3099|29723|0
38377|55909|1
38377|54499|1
38377|45595|0
38377|29723|0
55909|54499|0
45595|23010|1
45595|71883|1
45595|52600|1
45595|65592|1
45595|29723|0
23010|71883|0
23010|52600|0
23010|65592|0
71883|52600|0
71883|65592|0
52600|65592|0
8539|28482|0
29723|5180|1
29723|58192|1
5180|58192|0
81718|6989|1
81718|19303|2
81718|8317|2
81718|8321|2
81718|20788|1
81718|45167|2
81718|24312|0
81718|65513|0
6989|19303|1
6989|20788|0
8317|8321|0
25577|9806|1
25577|64205|1
25577|25564|0
25577|25875|0
25577|59173|0
9806|64205|0
25564|70354|1
25564|25875|0
25564|59173|0
25875|59173|0
75659|75653|0
24312|34273|1
24312|64598|2
24312|43087|1
24312|55632|2
24312|56174|2
24312|58047|2
24312|76936|1
24312|72080|2
24312|65513|0
34273|64598|1
34273|43087|0
34273|76936|0
66872|70762|-4
66872|54397|-2
66872|60284|-1
66872|49997|0
66872|49173|0
66872|47811|0
66872|50123|0
66872|16462|0
66872|59171|0
66872|70762|-5
43087|76936|0
55632|56174|0
55632|58047|0
56174|58047|0
76936|72080|1
23040|43874|0
23040|76161|0
43874|76161|0
12092|75855|0
12092|20780|-1
75855|20780|-1
20780|27669|0
20780|8639|0
27669|8639|0
65513|27672|1
65513|26240|2
65513|27441|2
65513|27444|2
65513|63650|2
65513|21058|1
65513|60294|2
65513|17600|2
65513|69261|2
27672|26240|1
27672|27441|1
27672|27444|1
27672|63650|1
27672|21058|0
26240|27441|0
26240|27444|0
26240|63650|0
27441|27444|0
27441|63650|0
27444|63650|0
21058|60294|1
21058|17600|1
60294|17600|0
45564|51086|0
58124|71575|0
57674|27134|0
27134|79473|1
20089|74252|0
80428|80444|0
80428|17319|0
80444|17319|0
14795|32389|0
14795|81532|0
32389|81532|0
40582|77415|0
40582|33317|0
62332|70762|-4
62332|6149|0
62332|15079|0
62332|80663|0
62332|20786|0
78050|35680|0
78050|32345|0
78050|20528|0
35680|32345|0
35680|20528|0
32345|20528|0
70378|39671|0
70378|47486|0
70378|47473|0
70378|58349|0
70378|56556|0
70378|23796|0
70378|74948|0
39671|47486|0
39671|47473|0
39671|58349|0
39671|56556|0
39671|23796|0
39671|74948|0
47486|47473|0
47486|58349|0
47486|56556|0
47486|23796|0
47486|74948|0
47473|58349|0
47473|56556|0
47473|23796|0
47473|74948|0
58349|56556|0
58349|23796|0
58349|74948|0
56556|23796|0
56556|74948|0
23796|74948|0
79075|47471|0
79075|6815|0
47471|6815|0
22516|70762|-3
22516|9447|0
22516|70775|0
32339|7844|0
70762|38629|3
70762|46720|3
70762|47773|4
70762|81519|3
70762|54397|2
70762|45597|3
70762|30929|4
70762|60284|3
70762|49997|4
70762|49173|4
70762|47811|4
70762|74650|3
70762|50123|4
70762|16462|4
70762|59171|4
70762|12067|4
70762|45745|4
70762|81365|3
70762|70766|2
70762|57182|3
70762|27901|3
70762|17497|2
70762|30393|3
70762|16763|3
70762|16123|3
70762|29449|2
70762|29453|3
70762|23699|3
70762|70790|2
70762|60446|0
70762|70762|-1
70762|14097|3
38629|46720|0
38629|81519|0
38629|70762|-4
46720|47773|1
46720|81519|0
46720|70762|-4
47773|70762|-5
81519|70762|-4
54397|45597|1
54397|30929|2
54397|60284|1
54397|49997|2
54397|49173|2
54397|47811|2
54397|50123|2
54397|16462|2
54397|59171|2
54397|12067|2
54397|45745|2
54397|70762|-3
45597|30929|1
45597|60284|0
45597|70762|-4
30929|70762|-5
60284|49997|1
60284|49173|1
60284|47811|1
60284|50123|1
60284|16462|1
60284|59171|1
60284|70762|-4
49997|49173|0
49997|47811|0
49997|50123|0
49997|16462|0
49997|59171|0
49997|70762|-5
49173|47811|0
49173|50123|0
49173|16462|0
49173|59171|0
49173|70762|-5
47811|50123|0
47811|16462|0
47811|59171|0
47811|70762|-5
74650|17497|-1
74650|30393|0
74650|16763|0
74650|16123|0
74650|70762|-4
50123|16462|0
50123|59171|0
50123|70762|-5
16462|59171|0
16462|70762|-5
59171|70762|-5
12067|45745|0
12067|70762|-5
45745|70762|-5
81365|70762|-4
70766|70762|-3
57182|27901|0
57182|70762|-4
27901|70762|-4
75583|81787|1
17497|30393|1
17497|16763|1
17497|16123|1
17497|29449|0
17497|70762|-3
30393|16763|0
30393|16123|0
30393|70762|-4
16763|16123|0
16763|70762|-4
16123|70762|-4
29449|29453|1
29449|23699|1
29449|70762|-3
29453|23699|0
29453|70762|-4
23699|70762|-4
70790|70762|-3
60446|70762|-1
60446|58710|3
60446|37663|3
60446|14675|3
60446|47709|3
60446|16840|3
60446|63550|3
60446|60270|3
60446|56329|3
60446|29856|3
60446|74703|2
60446|16097|1
60446|78941|2
60446|59909|2
60446|36065|2
60446|79817|2
60446|7988|2
60446|74734|2
60446|67946|2
60446|56092|2
70762|58710|4
70762|37663|4
70762|14675|4
70762|47709|4
70762|16840|4
70762|63550|4
70762|60270|4
70762|56329|4
70762|29856|4
70762|74703|3
70762|16097|2
70762|78941|3
70762|59909|3
70762|36065|3
70762|79817|3
70762|7988|3
70762|74734|3
70762|70772|2
70762|64419|3
70762|6149|4
70762|15079|4
70762|80663|4
70762|20786|4
70762|65271|3
70762|53458|3
70762|29015|3
70762|64846|3
70762|70782|4
70762|14097|4
70762|70796|4
70762|27676|3
70762|82131|4
70762|80400|4
70762|77536|4
70762|9447|3
70762|70775|3
70762|67946|3
70762|56092|3
70762|26248|3
58710|37663|0
58710|14675|0
58710|47709|0
58710|16840|0
58710|63550|0
58710|60270|0
58710|56329|0
58710|29856|0
37663|14675|0
37663|47709|0
37663|16840|0
37663|63550|0
37663|60270|0
37663|56329|0
37663|29856|0
14675|47709|0
14675|16840|0
14675|63550|0
14675|60270|0
14675|56329|0
14675|29856|0
47709|16840|0
47709|63550|0
47709|60270|0
47709|56329|0
47709|29856|0
16840|63550|0
16840|60270|0
16840|56329|0
16840|29856|0
63550|60270|0
63550|56329|0
63550|29856|0
60270|56329|0
60270|29856|0
56329|29856|0
74703|67946|0
16097|78941|1
16097|59909|1
16097|56092|1
78941|59909|0
78941|56092|0
59909|56092|0
79817|7988|0
79817|74734|0
7988|74734|0
70772|64419|1
6149|15079|0
6149|80663|0
6149|20786|0
15079|80663|0
15079|20786|0
80663|20786|0
53458|29015|0
53458|64846|0
53458|26248|0
29015|64846|0
29015|26248|0
64846|70782|1
64846|26248|0
82131|80400|0
82131|77536|0
80400|77536|0
9447|70775|0
21820|51203|1
21820|17053|0
17053|61791|1
17053|52656|1
61791|52656|0
54239|21253|0
54239|76249|0
21253|76249|0
71738|16305|0
71738|46424|0
16305|46424|0
6501|9444|1
6501|11711|1
6501|22282|1
6501|23733|1
6501|59701|1
9444|11711|0
9444|22282|0
9444|23733|0
9444|59701|0
11711|22282|0
11711|23733|0
11711|59701|0
22282|23733|0
22282|59701|0
23733|59701|0
11123|33450|0
21452|61140|0
37518|22474|0
37518|28557|0
22474|28557|0
71684|57433|0
45707|35407|0
45707|83220|1
51554|51212|0
83217|83533|0
77415|33317|0
66756|83096|0
61919|61918|1
61919|61922|0
78990|58489|0
